world: world
x: 316.0782021169523
y: 72.25673019814963
z: 661.1845217874952
yaw: -318.45984
pitch: 1.8718091
